image_width: 640
image_height: 480
camera_name: camera_logitec_c270
camera_matrix:
  rows: 3
  cols: 3
  data: [648.5013027750747, 0, 319.631080490416, 0, 649.1650623027325, 245.5395849467226, 0, 0, 1]
distortion_model: plumb_bob
distortion_coefficients:
  rows: 1
  cols: 5
  data: [0.02073532311916331, -0.1125971820094194, -7.76388288296487e-05, -3.620103805478352e-05, 0]
rectification_matrix:
  rows: 3
  cols: 3
  data: [1, 0, 0, 0, 1, 0, 0, 0, 1]
projection_matrix:
  rows: 3
  cols: 4
  data: [646.4159545898438, 0, 319.107891166228, 0, 0, 648.2854614257812, 245.0225316733759, 0, 0, 0, 1, 0]
